.Random.seed <-
c(403L, 441L, -396310948L, -1741853054L, 1512940709L, -465949905L, 
799708888L, -1687002331L, -1604145587L, 644031148L, 1456107861L, 
1902770237L, 629890179L, 1625207602L, 1381663760L, -1381431186L, 
1213745986L, 174450205L, 1137611905L, -1267156323L, 983179681L, 
-1856747927L, 287116946L, -877083363L, 1178571259L, -1460636027L, 
1135195395L, -851101360L, 1973424817L, 1087526770L, 1313879007L, 
921984317L, -1002411213L, 1533564678L, -546279691L, -1978628076L, 
-1752255920L, -117951613L, 363111679L, -969181654L, -566783549L, 
897212950L, 1281989118L, 600957227L, -164362229L, -1467251729L, 
-773940989L, -1141496377L, -256712848L, -1719030805L, -2034926162L, 
402292217L, -461440347L, -606629962L, -980402392L, 981820884L, 
707661958L, 2084791985L, 230895074L, -1086611407L, 636526292L, 
1770754143L, -2137439984L, 1586824324L, -1816142456L, 547875281L, 
1671990733L, -1733079939L, -1855691887L, 1103391471L, -1547409785L, 
1546310278L, 631511347L, 1620710420L, 1641676903L, 1548483673L, 
767079910L, -667415851L, -900203296L, 1695359580L, 809259887L, 
-595529327L, 1533245412L, -1295202746L, 553104885L, 1684588329L, 
-542614108L, -1181073784L, -510582645L, -958637393L, -299558942L, 
-2093968956L, 319861129L, 1004114766L, -1061811408L, -277383205L, 
-1790653701L, -416544488L, 75702880L, 1429934674L, 1804176814L, 
94762741L, -1389349668L, 2088690062L, -786585633L, -898505056L, 
-1063513497L, 429795895L, -148793089L, -1773279399L, 488557579L, 
1032990577L, 443917138L, 1656404507L, 648923068L, 537368146L, 
36118409L, 1607847431L, -126702320L, -1052383103L, -1330986686L, 
1483375558L, -2044342425L, 488175821L, 1899554831L, 900933145L, 
420715749L, -44394770L, -1723970509L, 1635571197L, -764066328L, 
682963289L, -1867794092L, 1583092207L, -147209814L, 1045218007L, 
-359330107L, -520758397L, -249294227L, 1910606977L, -1058070904L, 
-2041081580L, 514467746L, -547355032L, 307872443L, 1078056840L, 
-372748598L, -1733128263L, -803432953L, 1904894091L, 1809015466L, 
1061777975L, -1755541660L, 648937972L, -435099353L, -2086352332L, 
2054676208L, 755858268L, -737057515L, 2082900405L, 805278478L, 
1463500564L, -865550979L, 1939203212L, -430649365L, 1335912456L, 
1671284616L, -998042529L, 2027606107L, 163152620L, -18316152L, 
1651108342L, 1724536337L, -1627309699L, -64802641L, 2085238956L, 
-565152694L, -1880424809L, -1753762678L, -239893529L, 344819359L, 
-859073349L, 1267125609L, -1395597271L, 873852396L, -2099277145L, 
279486764L, -1647142377L, 78223541L, -1709695531L, -2116907462L, 
1400318800L, -99600115L, -1178807350L, 170667425L, -1731202226L, 
824618553L, -1484849792L, -268083452L, -645981110L, 1034305572L, 
-497366566L, 121234969L, -482375940L, -220553857L, -963146216L, 
-1297957546L, 1411010549L, 1648781032L, 214940406L, 1634452551L, 
1794331984L, 755112782L, -988447702L, 1746468873L, -2099528472L, 
1679512379L, 1926286752L, -1593030092L, 1496573349L, -1072545984L, 
1341898753L, 2008784278L, 1163795348L, -304180392L, -1438011288L, 
908767755L, -607616764L, 1165678444L, -2026914895L, 153408079L, 
-2132325669L, -79124591L, -953833053L, -1090677302L, 1109790630L, 
388401214L, 1636639571L, -1553812269L, 339938984L, 744112593L, 
-1434461041L, 189755542L, 861349274L, -657695389L, -1722700601L, 
-1568867307L, -575716146L, -1390272093L, -500307635L, -204778429L, 
-1230373579L, 920482969L, -1435400194L, 973002652L, -1726902715L, 
118290233L, -1196366943L, 1448857887L, -2044531408L, -1463996257L, 
143098735L, 951261465L, 1689812460L, 1221904234L, -1609189404L, 
-1229121512L, 1842869469L, 1236228254L, 1512293075L, -264560890L, 
204057756L, 1051265472L, 30325931L, 1086606231L, -1437818754L, 
1603811088L, 1599234296L, 426622580L, -1355758112L, -1293742042L, 
-57909621L, -22709278L, -1440946578L, -125124163L, 135203225L, 
-2044255356L, -313604684L, -710193485L, 1096462014L, -2017623287L, 
1874825077L, 518737290L, -687372412L, 1123999372L, 141083242L, 
-1684568544L, -1894523707L, -648624149L, 2039755180L, 1047027798L, 
1518880121L, -1637807270L, 720200426L, 1209804692L, 1336196267L, 
1666931889L, -1297194464L, 14810784L, 326083607L, 939595043L, 
147748834L, -75698741L, 1789964963L, -1589946375L, 1623161703L, 
1346231159L, 591371828L, 2035349048L, -2140114065L, 7724602L, 
-396560889L, -1696014839L, 1913767248L, 1102646263L, 1743230810L, 
1762676340L, -21893844L, -1820853092L, 1188980424L, 669939493L, 
959842466L, 852072131L, -169818047L, -1433647006L, -1347407661L, 
1361580587L, -893448651L, 314553543L, 698339370L, 1594679282L, 
-176575197L, -1774378448L, 721646010L, -1653546068L, -380388268L, 
1878770482L, 493255365L, -1808928635L, -1209107866L, 889330326L, 
-1060147383L, -1213425445L, -312782859L, 1525562921L, 911064412L, 
-1737021360L, -1103230109L, 1688694421L, 817342679L, 1173157584L, 
1823502257L, 1542891513L, 736192234L, -2029169021L, -921496438L, 
1015109919L, 206983026L, -2098958425L, 752251025L, -1378214713L, 
422010432L, 1891980298L, -1533128837L, 391308317L, 1444917669L, 
847999212L, -1868743446L, 2124264764L, -2009108293L, 56136038L, 
-1024057445L, 271697704L, 921361694L, -555691675L, 852802960L, 
273238042L, 1220881174L, -1051947640L, -1848661672L, 536517511L, 
-1724693956L, 1491008686L, 803443274L, -1355417760L, 583751623L, 
1255006776L, -15853893L, -953233707L, 288827008L, 84865103L, 
1433856194L, 766144654L, -957907091L, -174738535L, 2046765629L, 
-938039384L, 466124974L, -1470144120L, -1672372126L, -662082192L, 
-2056075167L, -1607019079L, -963586694L, -141529425L, 311898354L, 
-1731188004L, -1497900470L, 517885513L, -1980440012L, 1175553781L, 
310841636L, -1853494446L, -1882244930L, -1381424474L, 203838410L, 
2034990118L, 1006352274L, 2124853535L, -764377603L, 22744212L, 
1239302024L, -1802910482L, -812837405L, -488659382L, 369476986L, 
212211773L, 1498994087L, 769997802L, -1322576439L, 1529454108L, 
-427600646L, 1308899180L, -10116714L, -1217924303L, 592338457L, 
1912429654L, 2054525967L, 1274874655L, -587845750L, 114378515L, 
-1655911214L, -1336442382L, -553181617L, 1644798246L, 653256883L, 
-1079899330L, 543094357L, 437489794L, 553175425L, 1324654953L, 
1153884617L, -1668340371L, 437289118L, -1606562290L, -396472205L, 
1153135213L, -936417945L, 568019184L, -2003265391L, 501265926L, 
1706633941L, 1455303043L, 666613891L, 1701743639L, -1432204958L, 
-1720585455L, -1824079781L, -1238288888L, 1212713556L, 922189509L, 
-48415408L, -819291922L, 890988161L, -907711646L, 1745301258L, 
-1921931002L, 471743154L, 1957183031L, 1297613981L, -1429459732L, 
588185995L, 805896748L, -1785313902L, -24232598L, 49311875L, 
-896169431L, 1431418056L, 874456886L, 1816481917L, 341112714L, 
-903167284L, 58444192L, -405986597L, 911194307L, 157500259L, 
-1601057975L, -109027198L, -396791468L, -2125587023L, 1027472368L, 
1795291149L, -1237374696L, 1523982879L, -2027328466L, 1939365568L, 
1870599249L, 441627018L, 401043698L, 559839415L, 370463026L, 
2079016489L, 683010266L, -1069906877L, 1134634018L, -1736981517L, 
1669306201L, 770598455L, 399353223L, 760913206L, -1035314380L, 
1648092137L, 566998637L, 1420465205L, 545491829L, 1563970822L, 
2051438951L, -759354061L, -1384898609L, -1846057819L, 1831526730L, 
-1743066574L, -464477397L, 756362978L, -502781534L, -966986293L, 
-1084461106L, 2040109668L, -609847065L, -1781341911L, 2000795603L, 
-221082841L, 600701012L, 1001488466L, -214738146L, -1493339837L, 
-2049268898L, 1711954742L, 1880814633L, -1521764419L, -10947720L, 
1347253453L, -1552162422L, -287987368L, 762080991L, -591768227L, 
-992390669L, -463471183L, 223914485L, 1566580262L, 1785615218L, 
-705842056L, 2113581189L, -1904227753L, 1404292348L, -447716891L, 
1399920368L, -862101444L, -2034147389L, -24496103L, 927060118L, 
1680596703L, -1797640080L, -230076371L, 294991946L, -1320878554L, 
-2021407424L, 365146913L, 106916582L, -232943580L, -1579028213L, 
-2083744409L, -2119497044L, -894885623L, 1960934448L, 1075869944L, 
-1879352796L, 1457727019L, -557939392L, -278906012L, 762971131L, 
1732232913L, 1275457109L, 2025657165L, -1448818050L, -1438421526L, 
